0
-1
52.3352
52.4402
53.4876
52.8846
53.3735
53.3409
53.7973
52.8119
53.5202
52.0698
39.9609
53.178
52.7957
53.2269
32.756
52.9412
53.3735
52.8683
52.2624
51.7438
52.3305
52.7216
52.1838
51.9877
51.7764
51.2549
52.4446
50.1141
51.3201
50.905
49.5111
49.9185
49.8207
50.0652
49.0627
34.1754
46.8872
48.028
47.2132
45.3227
45.9114
41.7373
44.8827
42.1121
40.7595
39.2696
37.06
39.7327
37.4674
36.9296
36.1147
36.4415
36.9133
36.0984
37.5326
36.2777
33.9205
35.3162
34.925
34.5013
35.3488
35.5769
34.7931
35.1532
33.3605
33.8983
33.9146
33.1125
33.9798
34.7947
36.0332
34.5502
34.1754
33.2902
33.7353
33.8168
32.1219
34.5339
34.3407
32.236
34.2405
34.2568
34.7132
35.251
35.2941
34.3057
33.0671
32.8879
35.3162
33.3226
34.2731
31.2907
31.9915
34.4687
33.5724
34.0821
34.7458
34.2894
33.7353
33.4094
35.8597
35.2347
34.2731
32.4641
34.208
33.0183
32.8054
32.4641
32.1871
33.882
32.4967
34.1952
34.2243
32.3175
32.8879
33.8983
32.513
32.8539
32.8716
33.5724
33.5887
34.5502
36.7809
38.2497
38.4126
35.2347
31.6493
32.1708
32.9509
32.8716
32.513
31.3885
30.8996
31.9328
34.208
36.0821
30.9811
34.9902
31.4048
33.2418
32.399
32.7575
33.882
32.1382
33.2579
34.0287
34.045
32.9857
32.0567
33.9146
31.3025
33.7842
33.5235
34.0939
32.1056
33.4195
32.8879
31.9915
34.2568
34.4198
33.2138
34.2599
33.4094
36.2451
34.5665
37.7934
37.0556
38.0052
36.8318
37.9889
46.2679
66.6721
63.6231
67.6988
65.1076
66.9817
68.8885
67.7279
68.3018
70.9746
68.3018
69.6545
71.0724
69.8449
68.5463
69.8175
69.4263
70.2412
71.1377
72.9302
72.588
71.8872
70.8605
72.1317
72.7052
73.8918
71.0724
71.219
