0
0
0
-1
57.1474
56.755
57.236
58.5887
58.6375
58.9309
57.9994
53.9765
53.6506
57.8716
50.4889
58.7842
58.2094
58.7516
58.5887
58.8168
58.4583
58.1448
58.8168
58.8494
58.6864
58.8005
58.8494
58.3226
58.0346
58.5561
39.3742
58.5887
58.4034
58.7842
58.6701
58.1812
57.9694
58.8657
58.4518
58.5561
58.9635
58.882
58.8657
59.8924
58.3064
58.6375
59.1917
58.7842
58.8005
58.5165
58.5398
59.3546
59.8272
55.2314
58.9309
59.6962
59.2731
59.1265
59.925
60.3977
58.9367
60.6095
60.6095
58.7842
59.9576
60.2184
59.0336
61.1799
56.7002
45.932
61.5973
61.5385
60.251
61.7992
62.5489
61.7829
62.1904
60.9244
61.5059
50.1956
65.5313
62.2718
61.3429
64.7544
62.9889
61.9133
66.7047
61.4733
63.1545
69.3937
61.3918
63.8364
69.8827
61.2288
65.8048
67.6825
62.7608
70.616
64.3905
64.0918
70.6649
64.7979
68.09
67.8292
64.4068
71.267
65.1728
72.914
68.0574
72.0339
70.8791
65.1402
72.3924
69.2308
69.5404
71.0561
70.5882
69.4915
71.9035
74.397
67.764
72.3598
73.2708
72.0991
69.6219
63.4778
62.9563
61.797
63.7712
61.6199
61.6688
62.7282
63.2986
60.9567
62.1089
63.5267
68.1714
66.9166
64.5604
67.0632
67.9759
66.558
69.0678
64.4231
66.4027
68.6115
67.8944
66.1669
67.6499
66.4835
65.5965
64.8305
68.3507
62.6467
66.1343
67.9541
68.3018
65.7757
66.6069
64.7816
64.7979
68.3743
69.8664
67.7314
66.7699
70.8442
67.8733
60.3977
65.7269
61.4081
66.2484
59.2731
64.318
66.9492
64.6023
64.8142
67.0632
63.6555
65.4987
65.4335
65.4661
61.4407
68.8233
63.3484
64.2764
63.9016
55.6877
50.2119
48.4809
51.5645
49.9837
51.7601
51.4993
50.8638
50.5818
49.234
49.8696
47.0502
47.7347
45.616
45.8468
47.8325
41.9003
44.296
43.3996
38.7686
42.0143
40.9061
39.3905
35.3488
38.0215
37.1849
36.8807
38.2334
36.7503
35.8377
34.4053
39.7327
37.7445
36.0495
36.6851
36.1473
33.8235
34.3383
33.9798
34.648
34.5828
33.8397
33.6375
36.7829
34.4361
34.0287
34.2243
33.0155
33.3442
34.2894
35.088
32.676
35.5527
34.0613
33.8005
33.6701
33.8657
35.088
33.4034
35.2347
34.5339
34.0613
34.9087
34.1917
