36753
38604
40240
40288
37794
34817
36233
45439
61216
77585
90162
97202
101011
102810
103838
104748
105847
106750
105924
103054
98237
92679
87147
82815
79719
77819
76276
75255
75381
77256
80863
84321
86838
87432
87298
86306
85025
83510
82803
82977
83579
82704
80586
76869
73738
71213
71016
72621
75501
78009
78375
76339
72380
69000
67577
68305
69883
70857
70869
69966
68922
67933
67055
66247
65608
65145
64973
65100
66007
67240
68392
68600
67777
66853
66661
67661
69066
70003
70024
68803
67223
66223
66443
67426
68328
69066
69187
68404
66753
65328
65215
66284
67486
67459
66369
65163
65274
66282
67716
68629
69160
68787
68043
67447
67755
68378
68678
68415
67906
67528
67253
67242
67836
68888
70160
70464
69689
67701
65558
64432
64789
66214
67124
67214
66853
66735
67228
67723
68503
68788
69032
68654
68048
67293
67099
67896
69134
70034
69949
69129
68034
67235
67232
67809
68415
68399
67558
66549
65794
66080
66670
67346
67771
68381
69247
70020
70517
70615
70043
69040
67664
67001
67014
67612
68206
68459
68836
68931
69108
69196
69554
69706
68843
67445
66303
66545
67559
68633
68758
67473
65259
63350
62989
64055
65723
67414
68587
68713
67773
66412
66341
67348
69343
70326
70444
69354
68355
67815
68100
68729
69068
68975
68753
68651
68899
69184
69598
69457
68804
67802
67242
67488
68389
69444
70006
69446
67683
65333
63527
63354
64480
66465
67850
68808
68607
67836
66583
66127
66771
67906
68670
68832
68768
68573
67962
67223
66263
65162
63854
62893
63182
64528
66534
68037
68795
68859
68970
69843
71471
