0
0
0
0
0
15911
69774
95526
69493
82842
67932
95767
73738
66855
71230
83019
78696
72844
85830
73958
54597
77328
64877
68896
63769
44344
691
603
678
741
700
704
665
679
588
668
648
35399
38373
40543
35704
35962
42863
33349
42311
54385
36747
17942
36458
47677
51335
59886
61586
50725
54640
62720
42596
43979
42308
49206
57526
61958
44733
27124
44230
33751
42435
25417
45304
59131
29451
36653
61940
40672
34902
42306
50699
36543
37481
46540
30164
40596
43171
18016
37895
28395
35343
28610
50843
25553
14504
0
0
0
0
0
0
0
0
0
0
0
0
0
0
0
0
0
0
0
0
0
0
0
0
0
0
0
0
0
0
0
0
0
0
0
0
0
0
0
0
0
0
0
0
0
0
0
0
0
0
0
0
0
0
0
0
0
0
