18740
21415
19792
20136
16808
20901
20630
20791
18326
18487
18093
21743
22634
22367
23502
17739
17571
16867
18765
21547
19579
19358
20285
20456
19855
18907
22261
23308
20359
20792
22069
21275
20986
19117
17664
19020
21907
22969
21142
23058
23904
23865
24443
38059
43078
39873
48316
50612
42012
48467
44831
49732
53980
52592
45493
52199
53363
48960
49042
39062
45531
42502
36254
41950
40353
42835
41159
45753
46892
43720
40244
55842
57825
40355
49266
52364
41785
41481
43519
45242
50712
37119
38316
43283
49471
52244
47888
50361
49861
39099
40150
39885
47891
37007
38526
47494
49912
44247
46242
