14133
11996
12599
13258
12354
9706
12009
12933
12354
11533
10145
14744
14964
11815
10978
14468
11522
12276
12416
11331
12892
13731
12302
13131
11330
11890
12852
19862
19286
16383
16701
18611
20123
13935
17707
17914
16391
18003
18235
18527
17109
18455
16374
18135
21081
17299
13662
20390
17620
20535
20740
18154
16861
19021
21984
17879
19290
19692
18056
16865
19214
19462
15790
15971
17328
15577
13664
14328
14727
13606
14293
14854
14537
14256
15143
13477
13856
13930
8480
4275
3496
3577
3794
4216
4275
3799
3812
3818
3697
4510
8261
8212
7691
7412
8832
7487
6865
9229
9522
5889
6598
7281
6296
10401
8822
7864
8484
8356
8205
7941
8033
7112
7120
6896
7746
7778
6551
7884
8249
9024
7896
6498
7816
5483
6803
8400
7716
7271
6047
6656
5972
8205
8644
6716
8904
7638
8381
6447
7524
7087
7273
8911
8113
7493
6380
5830
6583
6270
7544
8314
8080
8491
5959
7472
6354
6174
5796
6199
5938
6521
7530
8234
6740
7300
6826
5135
6388
8207
6923
7402
7803
7458
8660
7828
6840
7842
5410
6582
8338
7424
7754
7152
5265
7784
8073
7796
6916
10029
7855
7017
7502
8972
10820
8505
9700
6953
7469
6249
7031
