12699
14662
11608
15195
11626
12133
11915
12066
12264
10685
13118
10922
10483
16106
13787
10211
13489
14640
10735
11776
12059
11567
14397
11600
14146
12403
10111
13539
14493
21663
17271
17091
18495
18459
16333
16492
17404
16348
18769
17005
17995
20192
16304
17979
16251
20329
19035
16688
16718
18718
20707
19123
20798
15871
19068
19113
20194
18955
17981
19660
17555
17648
20840
17505
15655
15887
17446
14108
14397
14064
14670
13675
15176
14824
14001
13718
15857
13003
13892
12813
5634
3453
3278
4013
4228
4034
3950
3713
4002
3809
3925
6147
8016
9053
6897
8527
8235
6628
7965
9728
7602
6137
7803
6495
7942
8756
9434
8482
8498
7591
8758
7385
7439
6894
7983
8069
6131
8237
6275
8404
9454
7966
7510
7362
5985
6392
7625
8119
8027
6220
6429
6301
7140
8605
8173
7112
7909
8541
7610
7234
6802
6455
8831
8261
7875
7188
7308
5270
6106
7110
9120
7697
8333
7219
6107
7440
5692
6129
6352
5790
6005
6149
8796
7818
6505
7920
5758
5434
7775
7615
6967
7347
7827
8154
8298
6457
8038
6502
5597
8174
7304
7732
7592
6970
6338
7503
8190
7529
7848
8097
8009
7543
7822
10569
9634
9095
9558
5689
6800
