60223
48689
46353
43883
48483
49276
30435
41552
37870
49331
35774
51554
37074
41046
43464
50832
42331
56719
54118
77
0
0
0
0
0
0
0
0
0
0
0
0
0
0
0
0
0
0
0
0
0
0
0
0
0
0
0
0
0
0
0
0
0
7
81922
80245
5606
69208
74133
86693
62728
60796
63422
60284
61898
64335
60381
54965
64564
61084
63514
62860
58044
61292
60895
63392
60681
61532
62765
60145
62074
60770
63082
56878
60492
58276
59582
62159
63333
61666
64126
61053
54005
62879
60273
59076
60898
62308
61084
1
0
0
0
0
0
0
0
0
0
0
0
0
0
0
0
0
0
0
0
0
0
0
0
0
0
0
0
0
0
