6.57289
6.8301
7.02803
7.16523
7.18534
7.10116
6.90349
6.73592
6.70809
6.81904
6.93679
6.91588
6.77082
6.60073
6.5236
6.59939
6.79693
7.01511
7.08824
6.98754
6.82357
6.79267
6.8955
7.01991
7.00858
6.94758
6.92573
7.02643
7.09343
7.05427
6.92267
6.8594
6.91401
7.02377
7.10475
7.15803
7.21411
7.26326
7.26859
7.21238
7.10502
6.97955
6.8911
6.83942
6.8217
6.77575
6.76283
6.74551
6.75124
6.74352
6.76576
6.81531
6.86353
6.91934
6.99633
7.05427
7.03443
6.92254
6.83915
6.81771
6.82397
6.7924
6.72793
6.70049
6.66852
6.62657
6.50615
6.38148
6.2961
6.3298
6.4305
6.50349
6.45794
6.36243
6.31688
6.36882
6.43383
6.45634
6.4622
6.44715
6.42504
6.45953
6.80426
7.27618
6.98008
6.98647
7.07399
6.26733
5.84482
5.84122
5.96869
6.05034
6.05061
6.0257
5.9635
5.83949
5.71375
5.64781
5.71841
5.84748
6.02637
6.17901
6.34392
6.44928
6.49443
6.44541
6.33379
6.1898
6.04222
5.91128
5.80912
5.71575
5.64808
5.63036
5.73186
5.89383
6.01664
6.03915
6.0257
6.04621
6.08271
6.10163
6.07539
6.02863
5.9587
5.89157
5.8239
5.76436
5.71841
5.68484
5.65248
5.61811
5.57935
5.5587
5.53712
5.57562
5.69057
5.8588
5.99027
6.00599
5.96017
5.86053
5.75983
5.61611
5.48931
5.37502
5.32907
5.33586
5.42683
5.54725
5.68045
5.78594
5.85467
5.86053
4.34865
4.28521
4.23666
4.23146
4.26233
4.31158
4.34195
4.34036
4.31318
4.2946
4.27592
4.27342
4.26683
4.2985
4.33196
4.38521
4.40969
4.42107
4.3929
4.35394
4.32897
4.35504
4.42267
4.51508
4.57572
4.58811
4.50419
4.37812
4.22777
4.13526
4.07572
4.08481
4.12177
4.21019
4.2979
4.397
4.45234
4.45394
4.37122
4.2952
4.26343
4.30139
4.28811
4.18141
3.97762
